onset;duration;period;division;bar;beat;signature;chord;form;chorus_id;bass
2.50514739229;0.284036281179;4;1;-2;1;'4/4';NC;I1;0;43
2.78918367347;0.27746031746;4;1;-2;2;'4/4';NC;I1;0;43
3.06664399093;0.288344671202;4;1;-2;3;'4/4';NC;I1;0;40
3.35498866213;0.277845804989;4;1;-2;4;'4/4';NC;I1;0;42
3.63283446712;0.288049886621;4;1;-1;1;'4/4';NC;I1;0;43
3.92088435374;0.297210884354;4;1;-1;2;'4/4';NC;I1;0;40
4.2180952381;0.280770975057;4;1;-1;3;'4/4';NC;I1;0;42
4.49886621315;0.287346938776;4;1;-1;4;'4/4';NC;I1;0;43
4.78621315193;0.299501133787;4;1;0;1;'4/4';NC;I1;0;43
5.08571428571;0.289795918367;4;1;0;2;'4/4';NC;I1;0;43
5.37551020408;0.30612244898;4;1;0;3;'4/4';NC;I1;0;43
5.68163265306;0.289795918367;4;1;0;4;'4/4';NC;I1;0;39
5.97142857143;0.307800453515;4;1;1;1;'4/4';Ab;A1;1;39
6.27922902494;0.278548752834;4;1;1;2;'4/4';Ab;A1;1;43
6.55777777778;0.287369614512;4;1;1;3;'4/4';Ab;A1;1;39
6.84514739229;0.278662131519;4;1;1;4;'4/4';Ab;A1;1;43
7.12380952381;0.277641723356;4;1;2;1;'4/4';Ab;A1;1;38
7.40145124717;0.28820861678;4;1;2;2;'4/4';Ab;A1;1;43
7.68965986395;0.267732426304;4;1;2;3;'4/4';Ab;A1;1;39
7.95739229025;0.299750566893;4;1;2;4;'4/4';Ao;A1;1;43
8.25714285714;0.285963718821;4;1;3;1;'4/4';Eb7;A1;1;42
8.54310657596;0.278458049887;4;1;3;2;'4/4';Eb7;A1;1;43
8.82156462585;0.277664399093;4;1;3;3;'4/4';Eb7;A1;1;43
9.09922902494;0.268639455782;4;1;3;4;'4/4';Eb7;A1;1;43
9.36786848073;0.277619047619;4;1;4;1;'4/4';Eb7;A1;1;42
9.64548752834;0.293786848073;4;1;4;2;'4/4';Eb7;A1;1;43
9.93927437642;0.272063492063;4;1;4;3;'4/4';Eb7;A1;1;39
10.2113378685;0.284081632653;4;1;4;4;'4/4';Eb7;A1;1;43
10.4954195011;0.287256235828;4;1;5;1;'4/4';Ab;A1;1;39
10.782675737;0.290340136054;4;1;5;2;'4/4';Ab;A1;1;43
11.073015873;0.296145124717;4;1;5;3;'4/4';Ab;A1;1;39
11.3691609977;0.293038548753;4;1;5;4;'4/4';Ab;A1;1;39
11.6621995465;0.288140589569;4;1;6;1;'4/4';Ab;A1;1;44
11.9503401361;0.287482993197;4;1;6;2;'4/4';Ab;A1;1;43
12.2378231293;0.268616780045;4;1;6;3;'4/4';Ab;A1;1;39
12.5064399093;0.287482993197;4;1;6;4;'4/4';Ao;A1;1;43
12.7939229025;0.278526077098;4;1;7;1;'4/4';Eb7;A1;1;43
13.0724489796;0.287414965986;4;1;7;2;'4/4';Eb7;A1;1;43
13.3598639456;0.278594104308;4;1;7;3;'4/4';Eb7;A1;1;43
13.6384580499;0.302562358277;4;1;7;4;'4/4';Eb7;A1;1;39
13.9410204082;0.26335600907;4;1;8;1;'4/4';Eb7;A1;1;43
14.2043764172;0.277392290249;4;1;8;2;'4/4';Eb7;A1;1;43
14.4817687075;0.288367346939;4;1;8;3;'4/4';Eb7;A1;1;40
14.7701360544;0.283197278912;4;1;8;4;'4/4';Eb7;A1;1;39
15.0533333333;0.273015873016;4;1;9;1;'4/4';Ab;A1;1;39
15.3263492063;0.292902494331;4;1;9;2;'4/4';Ab;A1;1;39
15.6192517007;0.288321995465;4;1;9;3;'4/4';Ab;A1;1;39
15.9075736961;0.287369614512;4;1;9;4;'4/4';Ab;A1;1;37
16.1949433107;0.288344671202;4;1;10;1;'4/4';Ab7;A1;1;39
16.4832879819;0.293718820862;4;1;10;2;'4/4';Ab7;A1;1;44
16.7770068027;0.267800453515;4;1;10;3;'4/4';Ab7;A1;1;44
17.0448072562;0.262766439909;4;1;10;4;'4/4';Ab7;A1;1;43
17.3075736961;0.268503401361;4;1;11;1;'4/4';Db;A1;1;43
17.5760770975;0.288253968254;4;1;11;2;'4/4';Db;A1;1;37
17.8643310658;0.27746031746;4;1;11;3;'4/4';Db;A1;1;44
18.1417913832;0.278752834467;4;1;11;4;'4/4';Db;A1;1;38
18.4205442177;0.277437641723;4;1;12;1;'4/4';Db7;A1;1;37
18.6979818594;0.298253968254;4;1;12;2;'4/4';Db7;A1;1;37
18.9962358277;0.292743764172;4;1;12;3;'4/4';C7;A1;1;43
19.2889795918;0.268639455782;4;1;12;4;'4/4';B7;A1;1;43
19.5576190476;0.277664399093;4;1;13;1;'4/4';Bb7;A1;1;37
19.8352834467;0.288571428571;4;1;13;2;'4/4';Bb7;A1;1;43
20.1238548753;0.297074829932;4;1;13;3;'4/4';Bb7;A1;1;43
20.4209297052;0.278390022676;4;1;13;4;'4/4';Bb7;A1;1;43
20.6993197279;0.267823129252;4;1;14;1;'4/4';Bb7;A1;1;43
20.9671428571;0.288390022676;4;1;14;2;'4/4';Bb7;A1;1;43
21.2555328798;0.277777777778;4;1;14;3;'4/4';Bb7;A1;1;43
21.5333106576;0.297845804989;4;1;14;4;'4/4';Bb7;A1;1;43
21.8311564626;0.277142857143;4;1;15;1;'4/4';Eb7;A1;1;43
22.1082993197;0.2989569161;4;1;15;2;'4/4';NC;A1;1;43
22.4072562358;0.281541950113;4;1;15;3;'4/4';NC;A1;1;43
22.6887981859;0.290249433107;4;1;15;4;'4/4';NC;A1;1;43
22.979047619;0.287346938776;4;1;16;1;'4/4';NC;A1;1;43
23.2663945578;0.296870748299;4;1;16;2;'4/4';NC;A1;1;43
23.5632653061;0.295238095238;4;1;16;3;'4/4';NC;A1;1;43
23.8585034014;0.301859410431;4;1;16;4;'4/4';NC;A1;1;43
24.1603628118;0.319274376417;4;1;17;1;'4/4';Ab;B1;1;39
24.4796371882;0.284444444444;4;1;17;2;'4/4';Ab;B1;1;38
24.7640816327;0.293151927438;4;1;17;3;'4/4';Ab;B1;1;39
25.0572335601;0.281541950113;4;1;17;4;'4/4';Ab;B1;1;43
25.3387755102;0.287346938776;4;1;18;1;'4/4';Ab;B1;1;44
25.626122449;0.278639455782;4;1;18;2;'4/4';Ab;B1;1;44
25.9047619048;0.276371882086;4;1;18;3;'4/4';Ab;B1;1;39
26.1811337868;0.277732426304;4;1;18;4;'4/4';Ao;B1;1;43
26.4588662132;0.293741496599;4;1;19;1;'4/4';Eb7;B1;1;43
26.7526077098;0.277596371882;4;1;19;2;'4/4';Eb7;B1;1;43
27.0302040816;0.288480725624;4;1;19;3;'4/4';Eb7;B1;1;43
27.3186848073;0.298072562358;4;1;19;4;'4/4';Eb7;B1;1;39
27.6167573696;0.267619047619;4;1;20;1;'4/4';Eb7;B1;1;43
27.8843764172;0.288548752834;4;1;20;2;'4/4';Eb7;B1;1;43
28.1729251701;0.302607709751;4;1;20;3;'4/4';Eb7;B1;1;43
28.4755328798;0.288231292517;4;1;20;4;'4/4';Eb7;B1;1;37
28.7637641723;0.267891156463;4;1;21;1;'4/4';Ab7;B1;1;39
29.0316553288;0.278390022676;4;1;21;2;'4/4';Ab7;B1;1;39
29.3100453515;0.27231292517;4;1;21;3;'4/4';Ab7;B1;1;39
29.5823582766;0.293786848073;4;1;21;4;'4/4';Ab7;B1;1;38
29.8761451247;0.277551020408;4;1;22;1;'4/4';Ab7;B1;1;39
30.1536961451;0.278458049887;4;1;22;2;'4/4';Ab7;B1;1;39
30.432154195;0.287369614512;4;1;22;3;'4/4';Ab7;B1;1;43
30.7195238095;0.268843537415;4;1;22;4;'4/4';Ab7;B1;1;38
30.9883673469;0.28746031746;4;1;23;1;'4/4';Db;B1;1;38
31.2758276644;0.28820861678;4;1;23;2;'4/4';Db;B1;1;43
31.5640362812;0.297188208617;4;1;23;3;'4/4';Db;B1;1;44
31.8612244898;0.293854875283;4;1;23;4;'4/4';Db;B1;1;38
32.1550793651;0.267732426304;4;1;24;1;'4/4';Db;B1;1;44
32.4228117914;0.278616780045;4;1;24;2;'4/4';Db;B1;1;43
32.7014285714;0.287301587302;4;1;24;3;'4/4';Db;B1;1;44
32.9887301587;0.278458049887;4;1;24;4;'4/4';Db;B1;1;38
33.2671882086;0.267868480726;4;1;25;1;'4/4';Db-;B1;1;38
33.5350566893;0.288299319728;4;1;25;2;'4/4';Db-;B1;1;43
33.8233560091;0.278594104308;4;1;25;3;'4/4';Db-;B1;1;44
34.1019501134;0.277596371882;4;1;25;4;'4/4';Db-;B1;1;38
34.3795464853;0.288367346939;4;1;26;1;'4/4';Db-;B1;1;43
34.6679138322;0.277437641723;4;1;26;2;'4/4';Db-;B1;1;43
34.9453514739;0.268843537415;4;1;26;3;'4/4';Db-;B1;1;43
35.2141950113;0.307142857143;4;1;26;4;'4/4';Db-;B1;1;43
35.5213378685;0.288072562358;4;1;27;1;'4/4';Ab;B1;1;38
35.8094104308;0.277755102041;4;1;27;2;'4/4';Ab;B1;1;44
36.0871655329;0.268639455782;4;1;27;3;'4/4';Ab;B1;1;43
36.3558049887;0.277709750567;4;1;27;4;'4/4';Ab;B1;1;43
36.6335147392;0.278276643991;4;1;28;1;'4/4';F7;B1;1;42
36.9117913832;0.287641723356;4;1;28;2;'4/4';F7;B1;1;43
37.1994331066;0.265873015873;4;1;28;3;'4/4';F7;B1;1;43
37.4653061224;0.280430839002;4;1;28;4;'4/4';F7;B1;1;43
37.7457369615;0.288276643991;4;1;29;1;'4/4';Bb7;B1;1;41
38.0340136054;0.302743764172;4;1;29;2;'4/4';Bb7;B1;1;43
38.3367573696;0.288253968254;4;1;29;3;'4/4';Bb7;B1;1;43
38.6250113379;0.277029478458;4;1;29;4;'4/4';Bb7;B1;1;43
38.9020408163;0.281632653061;4;1;30;1;'4/4';Eb7;B1;1;39
39.1836734694;0.273469387755;4;1;30;2;'4/4';Eb7;B1;1;43
39.4571428571;0.285714285714;4;1;30;3;'4/4';Eb7;B1;1;39
39.7428571429;0.25306122449;4;1;30;4;'4/4';Eb7;B1;1;43
39.9959183673;0.297959183673;4;1;31;1;'4/4';Ab;B1;1;39
40.293877551;0.30612244898;4;1;31;2;'4/4';Ab;B1;1;38
40.6;0.314285714286;4;1;31;3;'4/4';Ab;B1;1;38
40.9142857143;0.314285714286;4;1;31;4;'4/4';Ab;B1;1;44
