onset;duration;period;division;bar;beat;signature;chord;form;chorus_id;bass
4.97820861678;0.293015873016;4;1;-7;1;'4/4';A7;B1;0;39
5.2712244898;0.278526077098;4;1;-7;2;'4/4';A7;B1;0;40
5.54975056689;0.306961451247;4;1;-7;3;'4/4';A7;B1;0;45
5.85671201814;0.30358276644;4;1;-7;4;'4/4';A7;B1;0;37
6.16029478458;0.287256235828;4;1;-6;1;'4/4';A7;B1;0;40
6.44755102041;0.313310657596;4;1;-6;2;'4/4';A7;B1;0;45
6.760861678;0.317664399093;4;1;-6;3;'4/4';A7;B1;0;49
7.0785260771;0.293015873016;4;1;-6;4;'4/4';A7;B1;0;49
7.37154195011;0.278344671202;4;1;-5;1;'4/4';D7;B1;0;37
7.64988662132;0.307097505669;4;1;-5;2;'4/4';D7;B1;0;45
7.95698412698;0.303537414966;4;1;-5;3;'4/4';D7;B1;0;43
8.26052154195;0.302721088435;4;1;-5;4;'4/4';D7;B1;0;42
8.56324263039;0.298140589569;4;1;-4;1;'4/4';D7;B1;0;40
8.86138321995;0.287301587302;4;1;-4;2;'4/4';D7;B1;0;38
9.14868480726;0.29798185941;4;1;-4;3;'4/4';D7;B1;0;37
9.44666666667;0.30358276644;4;1;-4;4;'4/4';D7;B1;0;45
9.75024943311;0.287142857143;4;1;-3;1;'4/4';G7;B1;0;38
10.0373922902;0.303537414966;4;1;-3;2;'4/4';G7;B1;0;43
10.3409297052;0.3079138322;4;1;-3;3;'4/4';G7;B1;0;43
10.6488435374;0.292766439909;4;1;-3;4;'4/4';G7;B1;0;38
10.9416099773;0.288276643991;4;1;-2;1;'4/4';G7;B1;0;43
11.2298866213;0.297324263039;4;1;-2;2;'4/4';G7;B1;0;45
11.5272108844;0.293741496599;4;1;-2;3;'4/4';G7;B1;0;39
11.820952381;0.307188208617;4;1;-2;4;'4/4';G7;B1;0;50
12.1281405896;0.268458049887;4;1;-1;1;'4/4';C7;B1;0;49
12.3965986395;0.297278911565;4;1;-1;2;'4/4';C7;B1;0;45
12.693877551;0.29380952381;4;1;-1;3;'4/4';C7;B1;0;45
12.9876870748;0.297142857143;4;1;-1;4;'4/4';C7;B1;0;43
13.284829932;0.303514739229;4;1;0;1;'4/4';C7;B1;0;41
13.5883446712;0.298117913832;4;1;0;2;'4/4';C7;B1;0;40
13.886462585;0.302789115646;4;1;0;3;'4/4';C7;B1;0;38
14.1892517007;9.98163265306;4;1;0;4;'4/4';C7;B1;0;43
24.1708843537;0.288390022676;4;1;1;1;'4/4';G-7;A1;1;43
24.4592743764;0.323197278912;4;1;1;2;'4/4';G-7;A1;1;31
24.7824716553;0.302607709751;4;1;1;3;'4/4';G-7;A1;1;46
25.0850793651;0.313469387755;4;1;1;4;'4/4';G-7;A1;1;38
25.3985487528;0.296780045351;4;1;2;1;'4/4';C7;A1;1;37
25.6953287982;0.323083900227;4;1;2;2;'4/4';C7;A1;1;40
26.0184126984;0.303628117914;4;1;2;3;'4/4';C7;A1;1;43
26.3220408163;0.30693877551;4;1;2;4;'4/4';C7;A1;1;48
26.6289795918;0.303786848073;4;1;3;1;'4/4';G-7;A1;1;46
26.9327664399;0.312290249433;4;1;3;2;'4/4';G-7;A1;1;45
27.2450566893;0.298117913832;4;1;3;3;'4/4';G-7;A1;1;43
27.5431746032;0.312335600907;4;1;3;4;'4/4';G-7;A1;1;42
27.8555102041;0.317709750567;4;1;4;1;'4/4';C7;A1;1;40
28.1732199546;0.30358276644;4;1;4;2;'4/4';C7;A1;1;38
28.4768027211;0.302630385488;4;1;4;3;'4/4';C7;A1;1;37
28.7794331066;0.307823129252;4;1;4;4;'4/4';C7;A1;1;40
29.0872562358;0.302585034014;4;1;5;1;'4/4';Fj7;A1;1;43
29.3898412698;0.313333333333;4;1;5;2;'4/4';Fj7;A1;1;41
29.7031746032;0.317006802721;4;1;5;3;'4/4';F7;A1;1;45
30.0201814059;0.303424036281;4;1;5;4;'4/4';F7;A1;1;48
30.3236054422;0.313514739229;4;1;6;1;'4/4';Bbj7;A1;1;46
30.6371201814;0.316848072562;4;1;6;2;'4/4';Bbj7;A1;1;45
30.953968254;0.30589569161;4;1;6;3;'4/4';Bo7;A1;1;43
31.2598639456;0.310113378685;4;1;6;4;'4/4';Bo7;A1;1;42
31.5699773243;0.288140589569;4;1;7;1;'4/4';Fj7;A1;1;42
31.8581179138;0.287437641723;4;1;7;2;'4/4';Fj7;A1;1;48
32.1455555556;0.31335600907;4;1;7;3;'4/4';Gj7;A1;1;53
32.4589115646;0.31335600907;4;1;7;4;'4/4';Gj7;A1;1;33
32.7722675737;0.277573696145;4;1;8;1;'4/4';A-7;A1;1;50
33.0498412698;0.317777777778;4;1;8;2;'4/4';A-7;A1;1;47
33.3676190476;0.283015873016;4;1;8;3;'4/4';D7;A1;1;45
33.6506349206;0.298049886621;4;1;8;4;'4/4';D7;A1;1;44
33.9486848073;0.297256235828;4;1;9;1;'4/4';G-7;A1;2;43
34.2459410431;0.303537414966;4;1;9;2;'4/4';G-7;A1;2;43
34.549478458;0.312448979592;4;1;9;3;'4/4';G-7;A1;2;46
34.8619274376;0.290181405896;4;1;9;4;'4/4';G-7;A1;2;38
35.1521088435;0.321405895692;4;1;10;1;'4/4';C7;A1;2;48
35.4735147392;0.296893424036;4;1;10;2;'4/4';C7;A1;2;46
35.7704081633;0.303650793651;4;1;10;3;'4/4';C7;A1;2;43
36.0740589569;0.307029478458;4;1;10;4;'4/4';C7;A1;2;50
36.3810884354;0.303673469388;4;1;11;1;'4/4';G-7;A1;2;48
36.6847619048;0.296984126984;4;1;11;2;'4/4';G-7;A1;2;46
36.9817460317;0.303537414966;4;1;11;3;'4/4';G-7;A1;2;45
37.2852834467;0.297324263039;4;1;11;4;'4/4';G-7;A1;2;43
37.5826077098;0.30358276644;4;1;12;1;'4/4';C7;A1;2;50
37.8861904762;0.296984126984;4;1;12;2;'4/4';C7;A1;2;46
38.1831746032;0.313514739229;4;1;12;3;'4/4';C7;A1;2;42
38.4966893424;0.307777777778;4;1;12;4;'4/4';C7;A1;2;37
38.8044671202;0.293038548753;4;1;13;1;'4/4';Fj7;A1;2;45
39.0975056689;0.298072562358;4;1;13;2;'4/4';Fj7;A1;2;37
39.3955782313;0.302675736961;4;1;13;3;'4/4';F7;A1;2;38
39.6982539683;0.323106575964;4;1;13;4;'4/4';F7;A1;2;42
40.0213605442;0.297120181406;4;1;14;1;'4/4';Bbj7;A1;2;43
40.3184807256;0.31335600907;4;1;14;2;'4/4';Bbj7;A1;2;45
40.6318367347;0.323083900227;4;1;14;3;'4/4';Bo7;A1;2;45
40.9549206349;0.307029478458;4;1;14;4;'4/4';Bo7;A1;2;43
41.2619501134;0.303673469388;4;1;15;1;'4/4';Fj7;A1;2;41
41.5656235828;0.313129251701;4;1;15;2;'4/4';Fj7;A1;2;45
41.8787528345;0.306916099773;4;1;15;3;'4/4';C7;A1;2;37
42.1856689342;0.293786848073;4;1;15;4;'4/4';C7;A1;2;40
42.4794557823;0.28746031746;4;1;16;1;'4/4';Fj7;A1;2;43
42.7669160998;0.297891156463;4;1;16;2;'4/4';Fj7;A1;2;42
43.0648072562;0.287505668934;4;1;16;3;'4/4';Fj7;A1;2;45
43.3523129252;0.293900226757;4;1;16;4;'4/4';Fj7;A1;2;37
43.6462131519;0.30693877551;4;1;17;1;'4/4';A7;B1;2;45
43.9531519274;0.313401360544;4;1;17;2;'4/4';A7;B1;2;50
44.266553288;0.323038548753;4;1;17;3;'4/4';A7;B1;2;37
44.5895918367;0.302766439909;4;1;17;4;'4/4';A7;B1;2;38
44.8923582766;0.322857142857;4;1;18;1;'4/4';A7;B1;2;40
45.2152154195;0.316712018141;4;1;18;2;'4/4';A7;B1;2;42
45.5319274376;0.313424036281;4;1;18;3;'4/4';A7;B1;2;43
45.8453514739;0.313197278912;4;1;18;4;'4/4';A7;B1;2;45
46.1585487528;0.312517006803;4;1;19;1;'4/4';D7;B1;2;38
46.4710657596;0.308004535147;4;1;19;2;'4/4';D7;B1;2;38
46.7790702948;0.292902494331;4;1;19;3;'4/4';D7;B1;2;48
47.0719727891;0.2979138322;4;1;19;4;'4/4';D7;B1;2;45
47.3698866213;0.30693877551;4;1;20;1;'4/4';D7;B1;2;43
47.6768253968;0.284036281179;4;1;20;2;'4/4';D7;B1;2;42
47.960861678;0.323219954649;4;1;20;3;'4/4';D7;B1;2;40
48.2840816327;0.297074829932;4;1;20;4;'4/4';D7;B1;2;38
48.5811564626;0.298140589569;4;1;21;1;'4/4';G7;B1;2;43
48.8792970522;0.322290249433;4;1;21;2;'4/4';G7;B1;2;43
49.2015873016;0.303537414966;4;1;21;3;'4/4';G7;B1;2;38
49.5051247166;0.312380952381;4;1;21;4;'4/4';G7;B1;2;43
49.8175056689;0.317755102041;4;1;22;1;'4/4';G7;B1;2;47
50.135260771;0.293832199546;4;1;22;2;'4/4';G7;B1;2;50
50.4290929705;0.27746031746;4;1;22;3;'4/4';G7;B1;2;50
50.706553288;0.313378684807;4;1;22;4;'4/4';G7;B1;2;49
51.0199319728;0.287414965986;4;1;23;1;'4/4';C7;B1;2;48
51.3073469388;0.307732426304;4;1;23;2;'4/4';C7;B1;2;46
51.6150793651;0.292970521542;4;1;23;3;'4/4';C7;B1;2;45
51.9080498866;0.32306122449;4;1;23;4;'4/4';C7;B1;2;43
52.2311111111;0.307142857143;4;1;24;1;'4/4';C7;B1;2;41
52.5382539683;0.293832199546;4;1;24;2;'4/4';C7;B1;2;40
52.8320861678;0.297006802721;4;1;24;3;'4/4';C7;B1;2;38
53.1290929705;0.313333333333;4;1;24;4;'4/4';C7;B1;2;37
53.4424263039;0.298095238095;4;1;25;1;'4/4';G-7;A2;2;43
53.740521542;0.322199546485;4;1;25;2;'4/4';G-7;A2;2;43
54.0627210884;0.313514739229;4;1;25;3;'4/4';G-7;A2;2;43
54.3762358277;0.312403628118;4;1;25;4;'4/4';G-7;A2;2;38
54.6886394558;0.307891156463;4;1;26;1;'4/4';C7;A2;2;37
54.9965306122;0.313446712018;4;1;26;2;'4/4';C7;A2;2;40
55.3099773243;0.267596371882;4;1;26;3;'4/4';C7;A2;2;43
55.5775736961;0.308072562358;4;1;26;4;'4/4';C7;A2;2;48
55.8856462585;0.312403628118;4;1;27;1;'4/4';G-7;A2;2;46
56.1980498866;0.313287981859;4;1;27;2;'4/4';G-7;A2;2;45
56.5113378685;0.30693877551;4;1;27;3;'4/4';G-7;A2;2;43
56.818276644;0.293628117914;4;1;27;4;'4/4';G-7;A2;2;41
57.1119047619;0.28768707483;4;1;28;1;'4/4';C7;A2;2;43
57.3995918367;0.2979138322;4;1;28;2;'4/4';C7;A2;2;43
57.6975056689;0.292789115646;4;1;28;3;'4/4';C7;A2;2;43
57.9902947846;0.298276643991;4;1;28;4;'4/4';C7;A2;2;42
58.2885714286;0.303537414966;4;1;29;1;'4/4';Fj7;A2;2;41
58.5921088435;0.307029478458;4;1;29;2;'4/4';Fj7;A2;2;48
58.899138322;0.303650793651;4;1;29;3;'4/4';F7;A2;2;51
59.2027891156;0.297074829932;4;1;29;4;'4/4';F7;A2;2;38
59.4998639456;0.298140589569;4;1;30;1;'4/4';Bbj7;A2;2;43
59.7980045351;0.312403628118;4;1;30;2;'4/4';Bbj7;A2;2;46
60.1104081633;0.293900226757;4;1;30;3;'4/4';Bo7;A2;2;37
60.40430839;0.296916099773;4;1;30;4;'4/4';Bo7;A2;2;43
60.7012244898;0.298231292517;4;1;31;1;'4/4';Fj7;A2;2;41
60.9994557823;0.313469387755;4;1;31;2;'4/4';Fj7;A2;2;43
61.3129251701;0.302585034014;4;1;31;3;'4/4';G-7;A2;2;45
61.6155102041;0.307755102041;4;1;31;4;'4/4';G-7;A2;2;45
61.9232653061;0.312448979592;4;1;32;1;'4/4';A-7;A2;2;48
62.2357142857;0.313378684807;4;1;32;2;'4/4';A-7;A2;2;45
62.5490929705;0.306984126984;4;1;32;3;'4/4';D7;A2;2;44
62.8560770975;0.290589569161;4;1;32;4;'4/4';D7;A2;2;43
63.1466666667;0.290589569161;4;1;33;1;'4/4';D7;A2;2;43
