onset;duration;period;division;bar;beat;signature;chord;form;chorus_id;bass
1.70795918367;0.402698412698;4;1;0;1;'4/4';NC;I1;0;35
2.11065759637;0.397097505669;4;1;0;2;'4/4';NC;I1;0;35
2.50775510204;0.38283446712;4;1;0;3;'4/4';NC;I1;0;42
2.89058956916;0.376757369615;4;1;0;4;'4/4';NC;I1;0;42
3.26734693878;0.377551020408;4;1;1;1;'4/4';F;A1;1;36
3.64489795918;0.402517006803;4;1;1;2;'4/4';F;A1;1;53
4.04741496599;0.412358276644;4;1;1;3;'4/4';F;A1;1;50
4.45977324263;0.396462585034;4;1;1;4;'4/4';F;A1;1;38
4.85623582766;0.387074829932;4;1;2;1;'4/4';C;A1;1;42
5.2433106576;0.387528344671;4;1;2;2;'4/4';C;A1;1;47
5.63083900227;0.400544217687;4;1;2;3;'4/4';C;A1;1;50
6.03138321995;0.400544217687;4;1;2;4;'4/4';C;A1;1;35
6.43192743764;0.377324263039;4;1;3;1;'4/4';F;A1;1;42
6.80925170068;0.397641723356;4;1;3;2;'4/4';F;A1;1;41
7.20689342404;0.397641723356;4;1;3;3;'4/4';F;A1;1;41
7.60453514739;0.38022675737;4;1;3;4;'4/4';F;A1;1;38
7.98476190476;0.394739229025;4;1;4;1;'4/4';C;A1;1;46
8.37950113379;0.368616780045;4;1;4;2;'4/4';C;A1;1;43
8.74811791383;0.388934240363;4;1;4;3;'4/4';C;A1;1;50
9.1370521542;0.401065759637;4;1;4;4;'4/4';C;A1;1;36
9.53811791383;0.387414965986;4;1;5;1;'4/4';F;A1;1;42
9.92553287982;0.412335600907;4;1;5;2;'4/4';F;A1;1;53
10.3378684807;0.401587301587;4;1;5;3;'4/4';F;A1;1;36
10.7394557823;0.387278911565;4;1;5;4;'4/4';F;A1;1;41
11.1267346939;0.412358276644;4;1;6;1;'4/4';F;A1;1;53
11.5390929705;0.387437641723;4;1;6;2;'4/4';F;A1;1;53
11.9265306122;0.421337868481;4;1;6;3;'4/4';F;A1;1;37
12.3478684807;0.392426303855;4;1;6;4;'4/4';F;A1;1;37
12.7402947846;0.397210884354;4;1;7;1;'4/4';C;A1;1;53
13.1375056689;0.392811791383;4;1;7;2;'4/4';C;A1;1;47
13.5303174603;0.386303854875;4;1;7;3;'4/4';C;A1;1;35
13.9166213152;0.402494331066;4;1;7;4;'4/4';C;A1;1;42
14.3191156463;0.402562358277;4;1;8;1;'4/4';Bb;A1;1;50
14.7216780045;0.387188208617;4;1;8;2;'4/4';Bb;A1;1;52
15.1088662132;0.402403628118;4;1;8;3;'4/4';Bb;A1;1;52
15.5112698413;0.396099773243;4;1;8;4;'4/4';Bb;A1;1;36
15.9073696145;0.422290249433;4;1;9;1;'4/4';F;A1;1;37
16.3296598639;0.402494331066;4;1;9;2;'4/4';F;A1;1;53
16.732154195;0.407142857143;4;1;9;3;'4/4';F;A1;1;53
17.1392970522;0.401405895692;4;1;9;4;'4/4';F;A1;1;38
17.5407029478;0.412403628118;4;1;10;1;'4/4';C;A1;1;38
17.953106576;0.392766439909;4;1;10;2;'4/4';C;A1;1;47
18.3458730159;0.397210884354;4;1;10;3;'4/4';C;A1;1;50
18.7430839002;0.40231292517;4;1;10;4;'4/4';C;A1;1;36
19.1453968254;0.406235827664;4;1;11;1;'4/4';F;A1;1;36
19.5516326531;0.421927437642;4;1;11;2;'4/4';F;A1;1;36
19.9735600907;0.427823129252;4;1;11;3;'4/4';F;A1;1;42
20.40138322;0.412403628118;4;1;11;4;'4/4';F;A1;1;50
20.8137868481;0.431859410431;4;1;12;1;'4/4';C;A1;1;50
21.2456462585;0.376598639456;4;1;12;2;'4/4';C;A1;1;47
21.622244898;0.428004535147;4;1;12;3;'4/4';C;A1;1;36
22.0502494331;0.416326530612;4;1;12;4;'4/4';C;A1;1;47
22.4665759637;0.40253968254;4;1;13;1;'4/4';F;A1;1;50
22.8691156463;0.421383219955;4;1;13;2;'4/4';F;A1;1;37
23.2904988662;0.431882086168;4;1;13;3;'4/4';F;A1;1;36
23.7223809524;0.377482993197;4;1;13;4;'4/4';F;A1;1;38
24.0998639456;0.422131519274;4;1;14;1;'4/4';C;A1;1;50
24.5219954649;0.391882086168;4;1;14;2;'4/4';C;A1;1;36
24.913877551;0.412290249433;4;1;14;3;'4/4';C;A1;1;50
25.3261678005;0.396916099773;4;1;14;4;'4/4';C;A1;1;36
25.7230839002;0.405170068027;4;1;15;1;'4/4';F;A1;1;37
26.1282539683;0.426666666667;4;1;15;2;'4/4';F;A1;1;50
26.5549206349;0.417959183673;4;1;15;3;'4/4';F;A1;1;50
26.9728798186;0.429569160998;4;1;15;4;'4/4';F;A1;1;50
27.4024489796;0.423764172336;4;1;16;1;'4/4';F;A1;1;50
27.8262131519;0.415056689342;4;1;16;2;'4/4';F;A1;1;42
28.2412698413;0.417959183673;4;1;16;3;'4/4';F;A1;1;42
28.6592290249;0.444648526077;4;1;16;4;'4/4';F;A1;1;46
29.103877551;0.463469387755;4;1;17;1;'4/4';F;A1;2;42
29.5673469388;0.460408163265;4;1;17;2;'4/4';F;A1;2;37
30.027755102;0.433469387755;4;1;17;3;'4/4';F;A1;2;53
30.4612244898;0.445714285714;4;1;17;4;'4/4';F;A1;2;38
30.9069387755;0.421224489796;4;1;18;1;'4/4';C;A1;2;50
31.3281632653;0.437233560091;4;1;18;2;'4/4';C;A1;2;42
31.7653968254;0.441632653061;4;1;18;3;'4/4';C;A1;2;46
32.2070294785;0.412448979592;4;1;18;4;'4/4';C;A1;2;36
32.619478458;0.431859410431;4;1;19;1;'4/4';F;A1;2;37
33.0513378685;0.412199546485;4;1;19;2;'4/4';F;A1;2;41
33.463537415;0.447346938776;4;1;19;3;'4/4';F;A1;2;37
33.9108843537;0.450544217687;4;1;19;4;'4/4';F;A1;2;38
34.3614285714;0.437369614512;4;1;20;1;'4/4';C;A1;2;50
34.7987981859;0.422244897959;4;1;20;2;'4/4';C;A1;2;47
35.2210430839;0.431882086168;4;1;20;3;'4/4';C;A1;2;50
35.6529251701;0.401496598639;4;1;20;4;'4/4';C;A1;2;52
36.0544217687;0.457142857143;4;1;21;1;'4/4';F;A1;2;37
36.5115646259;0.451496598639;4;1;21;2;'4/4';F;A1;2;53
36.9630612245;0.437369614512;4;1;21;3;'4/4';F;A1;2;42
37.400430839;0.451405895692;4;1;21;4;'4/4';F;A1;2;37
37.8518367347;0.412448979592;4;1;22;1;'4/4';F;A1;2;39
38.2642857143;0.426870748299;4;1;22;2;'4/4';F;A1;2;53
38.6911564626;0.421904761905;4;1;22;3;'4/4';F;A1;2;36
39.1130612245;0.432063492063;4;1;22;4;'4/4';F;A1;2;53
39.5451247166;0.422040816327;4;1;23;1;'4/4';C;A1;2;36
39.9671655329;0.411451247166;4;1;23;2;'4/4';C;A1;2;42
40.37861678;0.447369614512;4;1;23;3;'4/4';C;A1;2;50
40.8259863946;0.451383219955;4;1;23;4;'4/4';C;A1;2;35
41.2773696145;0.427641723356;4;1;24;1;'4/4';Bb;A1;2;35
41.7050113379;0.431836734694;4;1;24;2;'4/4';Bb;A1;2;52
42.1368480726;0.421950113379;4;1;24;3;'4/4';Bb;A1;2;52
42.5587981859;0.466916099773;4;1;24;4;'4/4';Bb;A1;2;35
43.0257142857;0.440907029478;4;1;25;1;'4/4';F;A1;2;37
43.4666213152;0.427505668934;4;1;25;2;'4/4';F;A1;2;37
43.8941269841;0.441632653061;4;1;25;3;'4/4';F;A1;2;42
44.3357596372;0.422290249433;4;1;25;4;'4/4';F;A1;2;38
44.7580498866;0.437414965986;4;1;26;1;'4/4';C;A1;2;50
45.1954648526;0.430907029478;4;1;26;2;'4/4';C;A1;2;47
45.6263718821;0.422108843537;4;1;26;3;'4/4';C;A1;2;50
46.0484807256;0.42231292517;4;1;26;4;'4/4';C;A1;2;35
46.4707936508;0.456848072562;4;1;27;1;'4/4';F;A1;2;35
46.9276417234;0.422131519274;4;1;27;2;'4/4';F;A1;2;37
47.3497732426;0.437437641723;4;1;27;3;'4/4';F;A1;2;50
47.7872108844;0.440725623583;4;1;27;4;'4/4';F;A1;2;36
48.2279365079;0.412358276644;4;1;28;1;'4/4';C;A1;2;50
48.6402947846;0.432108843537;4;1;28;2;'4/4';C;A1;2;50
49.0724036281;0.421927437642;4;1;28;3;'4/4';C;A1;2;50
49.4943310658;0.447210884354;4;1;28;4;'4/4';C;A1;2;50
49.9415419501;0.466621315193;4;1;29;1;'4/4';F;A1;2;50
50.4081632653;0.421224489796;4;1;29;2;'4/4';F;A1;2;37
50.8293877551;0.441768707483;4;1;29;3;'4/4';F;A1;2;53
51.2711564626;0.437301587302;4;1;29;4;'4/4';F;A1;2;38
51.7084580499;0.431836734694;4;1;30;1;'4/4';C;A1;2;50
52.1402947846;0.437278911565;4;1;30;2;'4/4';C;A1;2;47
52.5775736961;0.441700680272;4;1;30;3;'4/4';Bb;A1;2;36
53.0192743764;0.422040816327;4;1;30;4;'4/4';Bb;A1;2;36
53.4413151927;0.437301587302;4;1;31;1;'4/4';F;A1;2;53
53.87861678;0.440907029478;4;1;31;2;'4/4';F;A1;2;37
54.3195238095;0.437324263039;4;1;31;3;'4/4';F;A1;2;42
54.7568480726;0.441655328798;4;1;31;4;'4/4';F;A1;2;35
55.1985034014;0.437392290249;4;1;32;1;'4/4';F;A1;2;46
55.6358956916;0.475124716553;4;1;32;2;'4/4';F;A1;2;47
56.1110204082;0.458548752834;4;1;32;3;'4/4';F;A1;2;42
56.569569161;0.440907029478;4;1;32;4;'4/4';F;A1;2;35
57.0104761905;0.44693877551;4;1;33;1;'4/4';NC;A1;2;47
57.457414966;0.441882086168;4;1;33;2;'4/4';NC;A1;2;47
57.8992970522;0.437301587302;4;1;33;3;'4/4';NC;A1;2;35
58.3365986395;0.432063492063;4;1;33;4;'4/4';NC;A1;2;35
58.7686621315;0.421247165533;4;1;34;1;'4/4';NC;A1;2;47
59.1899092971;0.447052154195;4;1;34;2;'4/4';NC;A1;2;35
59.6369614512;0.43201814059;4;1;34;3;'4/4';NC;A1;2;47
60.0689795918;0.447097505669;4;1;34;4;'4/4';NC;A1;2;35
60.5160770975;0.451587301587;4;1;35;1;'4/4';NC;A1;2;51
60.9676643991;0.451587301587;4;1;35;2;'4/4';F;A1;3;51
