onset;duration;period;division;bar;beat;signature;chord;form;chorus_id;bass
2.1826984127;0.486530612245;4;1;-1;2;'4/4';NC;I1;0;36
2.66922902494;0.446167800454;4;1;-1;3;'4/4';NC;I1;0;39
3.1153968254;0.476553287982;4;1;-1;4;'4/4';NC;I1;0;41
3.59195011338;0.501632653061;4;1;0;1;'4/4';NC;I1;0;43
4.09358276644;0.486235827664;4;1;0;2;'4/4';NC;I1;0;40
4.5798185941;0.501655328798;4;1;0;3;'4/4';NC;I1;0;33
5.0814739229;0.431927437642;4;1;0;4;'4/4';NC;I1;0;42
5.51340136054;0.466825396825;4;1;1;1;'4/4';C-7;A1;1;36
5.98022675737;0.501541950113;4;1;1;2;'4/4';C-7;A1;1;36
6.48176870748;0.501655328798;4;1;1;3;'4/4';C-7;A1;1;43
6.98342403628;0.455986394558;4;1;1;4;'4/4';C-7;A1;1;36
7.43941043084;0.496009070295;4;1;2;1;'4/4';G79b;A1;1;43
7.93541950113;0.472335600907;4;1;2;2;'4/4';G79b;A1;1;43
8.40775510204;0.46126984127;4;1;2;3;'4/4';G79b;A1;1;43
8.86902494331;0.466802721088;4;1;2;4;'4/4';G79b;A1;1;43
9.3358276644;0.472222222222;4;1;3;1;'4/4';C-7;A1;1;36
9.80804988662;0.486371882086;4;1;3;2;'4/4';C-7;A1;1;36
10.2944217687;0.491859410431;4;1;3;3;'4/4';C-7;A1;1;43
10.7862811791;0.475396825397;4;1;3;4;'4/4';C-7;A1;1;44
11.2616780045;0.492653061224;4;1;4;1;'4/4';Asus7;A1;1;45
11.7543310658;0.465759637188;4;1;4;2;'4/4';Asus7;A1;1;47
12.2200907029;0.495941043084;4;1;4;3;'4/4';Asus7;A1;1;47
12.716031746;0.476712018141;4;1;4;4;'4/4';Asus7;A1;1;45
13.1927437642;0.456734693878;4;1;5;1;'4/4';Ab7;A1;1;45
13.649478458;0.468253968254;4;1;5;2;'4/4';Ab7;A1;1;42
14.1177324263;0.473106575964;4;1;5;3;'4/4';Ab7;A1;1;39
14.5908390023;0.458594104308;4;1;5;4;'4/4';Ab7;A1;1;33
15.0494331066;0.49052154195;4;1;6;1;'4/4';G79b;A1;1;45
15.5399546485;0.483696145125;4;1;6;2;'4/4';G79b;A1;1;38
16.0236507937;0.461224489796;4;1;6;3;'4/4';G79b;A1;1;43
16.4848752834;0.50052154195;4;1;6;4;'4/4';G79b;A1;1;43
16.9853968254;0.481995464853;4;1;7;1;'4/4';C-7;A1;1;36
17.4673922902;0.470022675737;4;1;7;2;'4/4';C-7;A1;1;34
17.937414966;0.481814058957;4;1;7;3;'4/4';C-7;A1;1;33
18.4192290249;0.49052154195;4;1;7;4;'4/4';C-7;A1;1;43
18.9097505669;0.459614512472;4;1;8;1;'4/4';C-7;A1;1;31
19.3693650794;0.457573696145;4;1;8;2;'4/4';C-7;A1;1;38
19.8269387755;0.452789115646;4;1;8;3;'4/4';C-7;A1;1;43
20.2797278912;0.463922902494;4;1;8;4;'4/4';C-7;A1;1;35
20.7436507937;0.482063492063;4;1;9;1;'4/4';C-7;A2;1;36
21.2257142857;0.466757369615;4;1;9;2;'4/4';C-7;A2;1;36
21.6924716553;0.486303854875;4;1;9;3;'4/4';C-7;A2;1;43
22.1787755102;0.456780045351;4;1;9;4;'4/4';C-7;A2;1;36
22.6355555556;0.491882086168;4;1;10;1;'4/4';G79b;A2;1;43
23.1274376417;0.496077097506;4;1;10;2;'4/4';G79b;A2;1;43
23.6235147392;0.499115646259;4;1;10;3;'4/4';G79b;A2;1;33
24.1226303855;0.470204081633;4;1;10;4;'4/4';G79b;A2;1;43
24.5928344671;0.444081632653;4;1;11;1;'4/4';C-7;A2;1;36
25.0369160998;0.478798185941;4;1;11;2;'4/4';C-7;A2;1;43
25.5157142857;0.476326530612;4;1;11;3;'4/4';C-7;A2;1;39
25.9920408163;0.482131519274;4;1;11;4;'4/4';C-7;A2;1;34
26.4741723356;0.475600907029;4;1;12;1;'4/4';Asus7;A2;1;33
26.9497732426;0.456825396825;4;1;12;2;'4/4';Asus7;A2;1;35
27.4065986395;0.466621315193;4;1;12;3;'4/4';Asus7;A2;1;40
27.8732199546;0.45716553288;4;1;12;4;'4/4';Asus7;A2;1;45
28.3303854875;0.451587301587;4;1;13;1;'4/4';Ab7;A2;1;44
28.7819727891;0.491587301587;4;1;13;2;'4/4';Ab7;A2;1;42
29.2735600907;0.476621315193;4;1;13;3;'4/4';Ab7;A2;1;39
29.7501814059;0.436530612245;4;1;13;4;'4/4';Ab7;A2;1;36
30.1867120181;0.486258503401;4;1;14;1;'4/4';G7;A2;1;38
30.6729705215;0.467891156463;4;1;14;2;'4/4';G7;A2;1;32
31.140861678;0.470204081633;4;1;14;3;'4/4';G7;A2;1;31
31.6110657596;0.462267573696;4;1;14;4;'4/4';G7;A2;1;37
32.0733333333;0.478140589569;4;1;15;1;'4/4';C-7;A2;1;36
32.5514739229;0.496326530612;4;1;15;2;'4/4';C-7;A2;1;43
33.0478004535;0.487619047619;4;1;15;3;'4/4';C-7;A2;1;36
33.5354195011;0.464535147392;4;1;15;4;'4/4';C-7;A2;1;49
33.9999546485;0.460476190476;4;1;16;1;'4/4';C-7;A2;1;48
34.460430839;0.472335600907;4;1;16;2;'4/4';C-7;A2;1;46
34.9327664399;0.441428571429;4;1;16;3;'4/4';C-7;A2;1;43
35.3741950113;0.476666666667;4;1;16;4;'4/4';C-7;A2;1;42
35.850861678;0.482040816327;4;1;17;1;'4/4';F-7;B1;1;41
36.3329024943;0.476462585034;4;1;17;2;'4/4';F-7;B1;1;36
36.8093650794;0.456575963719;4;1;17;3;'4/4';F-7;B1;1;43
37.2659410431;0.476598639456;4;1;17;4;'4/4';F-7;B1;1;41
37.7425396825;0.457120181406;4;1;18;1;'4/4';G-7;B1;1;43
38.1996598639;0.476462585034;4;1;18;2;'4/4';G-7;B1;1;31
38.676122449;0.446281179138;4;1;18;3;'4/4';G-7;B1;1;38
39.1224036281;0.491882086168;4;1;18;4;'4/4';G-7;B1;1;45
39.6142857143;0.461496598639;4;1;19;1;'4/4';F-7;B1;1;41
40.0757823129;0.480770975057;4;1;19;2;'4/4';F-7;B1;1;40
40.556553288;0.464399092971;4;1;19;3;'4/4';F-7;B1;1;40
41.020952381;0.460430839002;4;1;19;4;'4/4';F-7;B1;1;44
41.48138322;0.44514739229;4;1;20;1;'4/4';A7alt;B1;1;33
41.9265306122;0.448798185941;4;1;20;2;'4/4';A7alt;B1;1;39
42.3753287982;0.485804988662;4;1;20;3;'4/4';A7alt;B1;1;45
42.8611337868;0.458594104308;4;1;20;4;'4/4';A7alt;B1;1;43
43.3197278912;0.465600907029;4;1;21;1;'4/4';Ab7;B1;1;44
43.7853287982;0.456780045351;4;1;21;2;'4/4';Ab7;B1;1;42
44.2421088435;0.472222222222;4;1;21;3;'4/4';Ab7;B1;1;41
44.7143310658;0.476553287982;4;1;21;4;'4/4';Ab7;B1;1;39
45.1908843537;0.45664399093;4;1;22;1;'4/4';G79b;B1;1;38
45.6475283447;0.476009070295;4;1;22;2;'4/4';G79b;B1;1;43
46.123537415;0.470204081633;4;1;22;3;'4/4';G79b;B1;1;31
46.5937414966;0.473106575964;4;1;22;4;'4/4';G79b;B1;1;35
47.0668480726;0.456825396825;4;1;23;1;'4/4';C-7;B1;1;36
47.5236734694;0.466916099773;4;1;23;2;'4/4';C-7;B1;1;36
47.9905895692;0.476530612245;4;1;23;3;'4/4';C-7;B1;1;43
48.4671201814;0.481972789116;4;1;23;4;'4/4';C-7;B1;1;36
48.9490929705;0.465736961451;4;1;24;1;'4/4';C-7;B1;1;36
49.414829932;0.451655328798;4;1;24;2;'4/4';C-7;B1;1;40
49.8664852608;0.472267573696;4;1;24;3;'4/4';C-7;B1;1;48
50.3387528345;0.441405895692;4;1;24;4;'4/4';C-7;B1;1;42
50.7801587302;0.482063492063;4;1;25;1;'4/4';F-7;B1;1;41
51.2622222222;0.476439909297;4;1;25;2;'4/4';F-7;B1;1;36
51.7386621315;0.466870748299;4;1;25;3;'4/4';F-7;B1;1;33
52.2055328798;0.486303854875;4;1;25;4;'4/4';F-7;B1;1;41
52.6918367347;0.456031746032;4;1;26;1;'4/4';G-7;B1;1;31
53.1478684807;0.482108843537;4;1;26;2;'4/4';G-7;B1;1;38
53.6299773243;0.461224489796;4;1;26;3;'4/4';G-7;B1;1;43
54.0912018141;0.482154195011;4;1;26;4;'4/4';G-7;B1;1;40
54.5733560091;0.457936507937;4;1;27;1;'4/4';F-7;B1;1;41
55.031292517;0.475396825397;4;1;27;2;'4/4';F-7;B1;1;41
55.5066893424;0.49179138322;4;1;27;3;'4/4';F-7;B1;1;48
55.9984807256;0.431814058957;4;1;27;4;'4/4';F-7;B1;1;36
56.4302947846;0.452789115646;4;1;28;1;'4/4';A7alt;B1;1;33
56.8830839002;0.496326530612;4;1;28;2;'4/4';A7alt;B1;1;39
57.3794104308;0.460861678005;4;1;28;3;'4/4';A7alt;B1;1;45
57.8402721088;0.456099773243;4;1;28;4;'4/4';A7alt;B1;1;37
58.2963718821;0.44693877551;4;1;29;1;'4/4';Ab7;B1;1;44
58.7433106576;0.455963718821;4;1;29;2;'4/4';Ab7;B1;1;42
59.1992743764;0.455691609977;4;1;29;3;'4/4';Ab7;B1;1;46
59.6549659864;0.473560090703;4;1;29;4;'4/4';Ab7;B1;1;44
60.1285260771;0.44716553288;4;1;30;1;'4/4';G79b;B1;1;43
60.57569161;0.455941043084;4;1;30;2;'4/4';G79b;B1;1;41
61.0316326531;0.491950113379;4;1;30;3;'4/4';G79b;B1;1;38
61.5235827664;0.486145124717;4;1;30;4;'4/4';G79b;B1;1;43
62.0097278912;0.476530612245;4;1;31;1;'4/4';C-7;B1;1;43
62.4862585034;0.481995464853;4;1;31;2;'4/4';C-7;B1;1;43
62.9682539683;0.486326530612;4;1;31;3;'4/4';C-7;B1;1;43
63.4545804989;0.476598639456;4;1;31;4;'4/4';C-7;B1;1;43
63.9311791383;0.457074829932;4;1;32;1;'4/4';C-7;B1;1;43
64.3882539683;0.455986394558;4;1;32;2;'4/4';C-7;B1;1;40
64.8442403628;0.431995464853;4;1;32;3;'4/4';C-7;B1;1;43
65.2762358277;0.456780045351;4;1;32;4;'4/4';C-7;B1;1;40
65.733015873;0.482108843537;4;1;33;1;'4/4';C-7;A3;1;36
66.2151247166;0.46126984127;4;1;33;2;'4/4';C-7;A3;1;34
66.6763945578;0.482154195011;4;1;33;3;'4/4';C-7;A3;1;36
67.1585487528;0.466802721088;4;1;33;4;'4/4';C-7;A3;1;40
67.6253514739;0.49179138322;4;1;34;1;'4/4';G79b;A3;1;50
68.1171428571;0.46029478458;4;1;34;2;'4/4';G79b;A3;1;38
68.5774376417;0.440975056689;4;1;34;3;'4/4';G79b;A3;1;43
69.0184126984;0.481814058957;4;1;34;4;'4/4';G79b;A3;1;40
69.5002267574;0.483129251701;4;1;35;1;'4/4';C-7;A3;1;40
69.9833560091;0.466439909297;4;1;35;2;'4/4';C-7;A3;1;36
70.4497959184;0.466757369615;4;1;35;3;'4/4';C-7;A3;1;40
70.916553288;0.476598639456;4;1;35;4;'4/4';C-7;A3;1;34
71.3931519274;0.441859410431;4;1;36;1;'4/4';Asus7;A3;1;33
71.8350113379;0.455873015873;4;1;36;2;'4/4';Asus7;A3;1;40
72.2908843537;0.447074829932;4;1;36;3;'4/4';Asus7;A3;1;45
72.7379591837;0.456734693878;4;1;36;4;'4/4';Asus7;A3;1;40
73.1946938776;0.467029478458;4;1;37;1;'4/4';Ab7;A3;1;44
73.661723356;0.476371882086;4;1;37;2;'4/4';Ab7;A3;1;39
74.1380952381;0.456916099773;4;1;37;3;'4/4';Ab7;A3;1;36
74.5950113379;0.486485260771;4;1;37;4;'4/4';Ab7;A3;1;44
75.0814965986;0.4720861678;4;1;38;1;'4/4';G79b;A3;1;31
75.5535827664;0.448231292517;4;1;38;2;'4/4';G79b;A3;1;38
76.001814059;0.439727891156;4;1;38;3;'4/4';G79b;A3;1;43
76.4415419501;0.457029478458;4;1;38;4;'4/4';G79b;A3;1;40
76.8985714286;0.461201814059;4;1;39;1;'4/4';C-7;A3;1;36
77.3597732426;0.481768707483;4;1;39;2;'4/4';C-7;A3;1;43
77.8415419501;0.466734693878;4;1;39;3;'4/4';C-7;A3;1;46
78.308276644;0.467188208617;4;1;39;4;'4/4';C-7;A3;1;47
78.7754648526;0.465986394558;4;1;40;1;'4/4';C-7;A3;1;48
79.2414512472;0.456893424036;4;1;40;2;'4/4';C-7;A3;1;36
79.6983446712;0.466984126984;4;1;40;3;'4/4';C-7;A3;1;38
80.1653287982;0.476485260771;4;1;40;4;'4/4';C-7;A3;1;40
80.641814059;0.481972789116;4;1;41;1;'4/4';NC;I1;1;41
81.1237868481;0.476371882086;4;1;41;2;'4/4';NC;I1;1;48
81.6001587302;0.456870748299;4;1;41;3;'4/4';NC;I1;1;36
82.0570294785;0.476712018141;4;1;41;4;'4/4';NC;I1;1;41
82.5337414966;0.475600907029;4;1;42;1;'4/4';NC;I1;1;43
83.0093424036;0.475600907029;4;1;42;2;'4/4';NC;I1;1;43
