onset;duration;period;division;bar;beat;signature;chord;form;chorus_id;bass
6.44385487528;0.833650793651;4;1;0;4;'4/4';NC;I1;0;38
7.27750566893;0.806303854875;4;1;1;1;'4/4';Eb-7;A1;1;39
8.08380952381;0.842675736961;4;1;1;2;'4/4';Eb-7;A1;1;39
8.92648526077;0.853560090703;4;1;1;3;'4/4';Bb79b;A1;1;34
9.78004535147;0.868775510204;4;1;1;4;'4/4';Bb79b;A1;1;34
10.6488208617;0.898390022676;4;1;2;1;'4/4';Eb-7;A1;1;39
11.5472108844;0.852993197279;4;1;2;2;'4/4';Eb-7;A1;1;39
12.4002040816;0.824263038549;4;1;2;3;'4/4';D7;A1;1;38
13.2244671202;0.894399092971;4;1;2;4;'4/4';D7;A1;1;38
14.1188662132;0.862789115646;4;1;3;1;'4/4';Dbj7;A1;1;37
14.9816553288;0.869024943311;4;1;3;2;'4/4';Dbj7;A1;1;37
15.8506802721;0.878571428571;4;1;3;3;'4/4';Gb7;A1;1;42
16.7292517007;0.898344671202;4;1;3;4;'4/4';Gb7;A1;1;42
17.6275963719;0.888775510204;4;1;4;1;'4/4';F-7;A1;1;41
18.5163718821;0.852970521542;4;1;4;2;'4/4';F-7;A1;1;46
19.3693424036;0.884195011338;4;1;4;3;'4/4';Eo7;A1;1;40
20.253537415;0.888571428571;4;1;4;4;'4/4';Eo7;A1;1;40
21.1421088435;0.878752834467;4;1;5;1;'4/4';Eb-7;A1;1;39
22.020861678;0.878480725624;4;1;5;2;'4/4';Eb-7;A1;1;39
22.8993424036;0.863537414966;4;1;5;3;'4/4';Eb-7;A1;1;34
23.7628798186;0.868979591837;4;1;5;4;'4/4';Eb-7;A1;1;39
24.6318594104;0.942108843537;4;1;6;1;'4/4';Cm7b5;A1;1;36
25.573968254;0.868775510204;4;1;6;2;'4/4';Cm7b5;A1;1;41
26.4427437642;0.879319727891;4;1;6;3;'4/4';F7;A1;1;35
27.3220634921;0.8689569161;4;1;6;4;'4/4';F7;A1;1;45
28.1910204082;0.90820861678;4;1;7;1;'4/4';Bb-7;A1;1;34
29.0992290249;0.913378684807;4;1;7;2;'4/4';Bb-7;A1;1;39
30.0126077098;0.852947845805;4;1;7;3;'4/4';Eb-7;A1;1;44
30.8655555556;0.888480725624;4;1;7;4;'4/4';Ab7;A1;1;38
31.7540362812;0.859183673469;4;1;8;1;'4/4';Db6;A1;1;37
32.6132199546;0.898458049887;4;1;8;2;'4/4';Db6;A1;1;37
33.5116780045;0.898095238095;4;1;8;3;'4/4';Fm7b5;A1;1;40
34.4097732426;0.871859410431;4;1;8;4;'4/4';Bb7;A1;1;40
35.2816326531;0.914285714286;4;1;9;1;'4/4';Eb-7;A2;1;39
36.1959183673;0.919138321995;4;1;9;2;'4/4';Eb-7;A2;1;39
37.1150566893;0.898390022676;4;1;9;3;'4/4';Bb79b;A2;1;41
38.013446712;0.878934240363;4;1;9;4;'4/4';Bb79b;A2;1;46
38.8923809524;0.898367346939;4;1;10;1;'4/4';Eb-7;A2;1;39
39.7907482993;0.888276643991;4;1;10;2;'4/4';Eb-7;A2;1;43
40.6790249433;0.869206349206;4;1;10;3;'4/4';D7;A2;1;44
41.5482312925;0.897369614512;4;1;10;4;'4/4';D7;A2;1;38
42.445600907;0.839591836735;4;1;11;1;'4/4';Dbj7;A2;1;37
43.2851927438;0.942970521542;4;1;11;2;'4/4';Dbj7;A2;1;37
44.2281632653;0.888684807256;4;1;11;3;'4/4';Gb7;A2;1;42
45.1168480726;0.88873015873;4;1;11;4;'4/4';Gb7;A2;1;42
46.0055782313;0.877845804989;4;1;12;1;'4/4';F-7;A2;1;41
46.8834240363;0.854399092971;4;1;12;2;'4/4';F-7;A2;1;41
47.7378231293;0.861541950113;4;1;12;3;'4/4';Eo7;A2;1;40
48.5993650794;0.904897959184;4;1;12;4;'4/4';Eo7;A2;1;40
49.5042630385;0.91358276644;4;1;13;1;'4/4';Eb-7;A2;1;39
50.417845805;0.888526077098;4;1;13;2;'4/4';Eb-7;A2;1;34
51.3063718821;0.913628117914;4;1;13;3;'4/4';Eb-7;A2;1;39
52.22;0.86283446712;4;1;13;4;'4/4';Eb-7;A2;1;39
53.0828344671;0.88514739229;4;1;14;1;'4/4';Cm7b5;A2;1;36
53.9679818594;0.912380952381;4;1;14;2;'4/4';Cm7b5;A2;1;36
54.8803628118;0.893968253968;4;1;14;3;'4/4';F7;A2;1;41
55.7743310658;0.882902494331;4;1;14;4;'4/4';F7;A2;1;41
56.6572335601;0.846984126984;4;1;15;1;'4/4';Bb-7;A2;1;34
57.5042176871;0.882358276644;4;1;15;2;'4/4';Bb-7;A2;1;39
58.3865759637;0.857210884354;4;1;15;3;'4/4';Eb-7;A2;1;44
59.2437868481;0.853242630385;4;1;15;4;'4/4';Ab7;A2;1;38
60.0970294785;0.866961451247;4;1;16;1;'4/4';Db;A2;1;37
60.9639909297;0.950816326531;4;1;16;2;'4/4';Db;A2;1;37
61.9148072562;0.877732426304;4;1;16;3;'4/4';A7;A2;1;40
62.7925396825;0.863696145125;4;1;16;4;'4/4';A7;A2;1;45
63.6562358277;0.898344671202;4;1;17;1;'4/4';Dj7;B1;1;38
64.5545804989;0.883560090703;4;1;17;2;'4/4';Dj7;B1;1;38
65.4381405896;0.898820861678;4;1;17;3;'4/4';E-7;B1;1;40
66.3369614512;0.933174603175;4;1;17;4;'4/4';E-7;B1;1;40
67.2701360544;0.903764172336;4;1;18;1;'4/4';F#-7;B1;1;42
68.1739002268;0.88798185941;4;1;18;2;'4/4';F#-7;B1;1;42
69.0618820862;0.917732426304;4;1;18;3;'4/4';G-7;B1;1;43
69.9796145125;0.864467120181;4;1;18;4;'4/4';G-7;B1;1;43
70.8440816327;0.893038548753;4;1;19;1;'4/4';F#-7;B1;1;45
71.7371201814;0.869047619048;4;1;19;2;'4/4';B-7;B1;1;42
72.6061678005;0.873378684807;4;1;19;3;'4/4';E-7;B1;1;40
73.4795464853;0.905578231293;4;1;19;4;'4/4';A7;B1;1;45
74.3851247166;0.928798185941;4;1;20;1;'4/4';Dj7;B1;1;38
75.3139229025;0.905623582766;4;1;20;2;'4/4';Dj7;B1;1;45
76.2195464853;0.853673469388;4;1;20;3;'4/4';Dj7;B1;1;38
77.0732199546;0.898027210884;4;1;20;4;'4/4';Dj7;B1;1;45
77.9712471655;0.883764172336;4;1;21;1;'4/4';D-7;B1;1;41
78.8550113379;0.934172335601;4;1;21;2;'4/4';D-7;B1;1;40
79.7891836735;0.92746031746;4;1;21;3;'4/4';G7;B1;1;43
80.7166439909;0.913605442177;4;1;21;4;'4/4';G7;B1;1;37
81.6302494331;0.912653061224;4;1;22;1;'4/4';Cj7;B1;1;36
82.5429024943;0.898934240363;4;1;22;2;'4/4';Cj7;B1;1;41
83.4418367347;0.904648526077;4;1;22;3;'4/4';Ebo7;B1;1;40
84.3464852608;0.897006802721;4;1;22;4;'4/4';Ebo7;B1;1;33
85.2434920635;0.868843537415;4;1;23;1;'4/4';D-7;B1;1;38
86.1123356009;0.898253968254;4;1;23;2;'4/4';D-7;B1;1;45
87.0105895692;0.859047619048;4;1;23;3;'4/4';G7;B1;1;43
87.8696371882;0.863605442177;4;1;23;4;'4/4';G7;B1;1;43
88.7332426304;0.888344671202;4;1;24;1;'4/4';C7;B1;1;36
89.6215873016;0.933174603175;4;1;24;2;'4/4';C7;B1;1;35
90.5547619048;0.893696145125;4;1;24;3;'4/4';Bb7;B1;1;34
91.4484580499;0.898820861678;4;1;24;4;'4/4';Bb7;B1;1;45
92.3472789116;0.907006802721;4;1;25;1;'4/4';Eb-7;A3;1;39
93.2542857143;0.893945578231;4;1;25;2;'4/4';Eb-7;A3;1;39
94.1482312925;0.942902494331;4;1;25;3;'4/4';Bb79b;A3;1;41
95.0911337868;0.898594104308;4;1;25;4;'4/4';Bb79b;A3;1;41
95.9897278912;0.884353741497;4;1;26;1;'4/4';Eb-7;A3;1;39
96.8740816327;0.863424036281;4;1;26;2;'4/4';Eb-7;A3;1;44
97.7375056689;0.923424036281;4;1;26;3;'4/4';D7;A3;1;38
98.6609297052;0.868344671202;4;1;26;4;'4/4';D7;A3;1;38
99.5292743764;0.888367346939;4;1;27;1;'4/4';Dbj7;A3;1;37
100.417641723;0.95253968254;4;1;27;2;'4/4';Dbj7;A3;1;37
101.370181406;0.888548752834;4;1;27;3;'4/4';Gb7;A3;1;42
102.258730159;0.903945578231;4;1;27;4;'4/4';Gb7;A3;1;42
103.162675737;0.853786848073;4;1;28;1;'4/4';F-7;A3;1;41
104.016462585;0.922902494331;4;1;28;2;'4/4';F-7;A3;1;41
104.939365079;0.903560090703;4;1;28;3;'4/4';Eo7;A3;1;40
105.84292517;0.92358276644;4;1;28;4;'4/4';Eo7;A3;1;40
106.766507937;0.888707482993;4;1;29;1;'4/4';Eb-7;A3;1;39
107.65521542;0.898185941043;4;1;29;2;'4/4';Eb-7;A3;1;39
108.553401361;0.933310657596;4;1;29;3;'4/4';Eb-7;A3;1;34
109.486712018;0.903718820862;4;1;29;4;'4/4';Eb-7;A3;1;34
110.390430839;0.853446712018;4;1;30;1;'4/4';Cm7b5;A3;1;36
111.243877551;0.952244897959;4;1;30;2;'4/4';Cm7b5;A3;1;36
112.196122449;0.903832199546;4;1;30;3;'4/4';F7;A3;1;41
113.099954649;0.898344671202;4;1;30;4;'4/4';F7;A3;1;45
113.99829932;0.928866213152;4;1;31;1;'4/4';Bb-7;A3;1;34
114.927165533;0.882970521542;4;1;31;2;'4/4';Eb7;A3;1;39
115.810136054;0.923015873016;4;1;31;3;'4/4';Eb-7;A3;1;44
116.733151927;0.913401360544;4;1;31;4;'4/4';Ab7;A3;1;44
117.646553288;0.902925170068;4;1;32;1;'4/4';Db6;A3;1;37
118.549478458;0.905578231293;4;1;32;2;'4/4';Db6;A3;1;37
119.455056689;0.847823129252;4;1;32;3;'4/4';Db6;A3;1;33
120.302879819;0.913378684807;4;1;32;4;'4/4';A7;A3;1;40
121.216258503;0.952675736961;4;1;33;1;'4/4';Dj7;B2;1;38
122.16893424;0.897641723356;4;1;33;2;'4/4';Dj7;B2;1;38
123.066575964;0.883945578231;4;1;33;3;'4/4';E-7;B2;1;40
123.950521542;0.888888888889;4;1;33;4;'4/4';E-7;B2;1;40
124.839410431;0.89843537415;4;1;34;1;'4/4';F#-7;B2;1;42
125.737845805;0.923401360544;4;1;34;2;'4/4';F#-7;B2;1;42
126.661247166;0.913696145125;4;1;34;3;'4/4';G-7;B2;1;43
127.574943311;0.907891156463;4;1;34;4;'4/4';G-7;B2;1;40
128.482834467;0.878004535147;4;1;35;1;'4/4';F#-7;B2;1;42
129.360839002;0.904036281179;4;1;35;2;'4/4';B-7;B2;1;38
130.264875283;0.91798185941;4;1;35;3;'4/4';E-7;B2;1;40
131.182857143;0.887777777778;4;1;35;4;'4/4';A7;B2;1;33
132.070634921;0.913741496599;4;1;36;1;'4/4';Dj7;B2;1;38
132.984376417;0.913514739229;4;1;36;2;'4/4';Dj7;B2;1;33
133.897891156;0.905555555556;4;1;36;3;'4/4';Dj7;B2;1;45
134.803446712;0.90612244898;4;1;36;4;'4/4';Dj7;B2;1;38
135.709569161;0.898095238095;4;1;37;1;'4/4';D-7;B2;1;41
136.607664399;0.914467120181;4;1;37;2;'4/4';D-7;B2;1;38
137.522131519;0.916984126984;4;1;37;3;'4/4';G7;B2;1;43
138.439115646;0.869546485261;4;1;37;4;'4/4';G7;B2;1;37
139.308662132;0.858979591837;4;1;38;1;'4/4';Cj7;B2;1;36
140.167641723;0.898163265306;4;1;38;2;'4/4';Cj7;B2;1;41
141.065804989;0.932947845805;4;1;38;3;'4/4';Ebo7;B2;1;40
141.998752834;0.913242630385;4;1;38;4;'4/4';Ebo7;B2;1;39
142.911995465;0.888321995465;4;1;39;1;'4/4';D-7;B2;1;38
143.80031746;0.86925170068;4;1;39;2;'4/4';D-7;B2;1;33
144.669569161;0.888140589569;4;1;39;3;'4/4';G7;B2;1;43
145.557709751;0.868843537415;4;1;39;4;'4/4';G7;B2;1;37
146.426553288;0.873560090703;4;1;40;1;'4/4';C7;B2;1;43
147.300113379;0.888548752834;4;1;40;2;'4/4';B7;B2;1;35
148.188662132;0.912562358277;4;1;40;3;'4/4';Bb7;B2;1;34
149.10122449;0.911292517007;4;1;40;4;'4/4';Bb7;B2;1;45
150.012517007;0.920725623583;4;1;41;1;'4/4';Eb-7;A1;2;39
150.93324263;0.925260770975;4;1;41;2;'4/4';Eb-7;A1;2;39
151.858503401;0.917188208617;4;1;41;3;'4/4';Bb79b;A1;2;34
152.77569161;0.882766439909;4;1;41;4;'4/4';Bb79b;A1;2;38
153.65845805;0.89380952381;4;1;42;1;'4/4';Eb-7;A1;2;39
154.552267574;0.897959183673;4;1;42;2;'4/4';Eb-7;A1;2;39
155.450226757;0.913718820862;4;1;42;3;'4/4';D7;A1;2;38
156.363945578;0.898412698413;4;1;42;4;'4/4';D7;A1;2;38
157.262358277;0.878866213152;4;1;43;1;'4/4';Dbj7;A1;2;37
158.14122449;0.922358276644;4;1;43;2;'4/4';Dbj7;A1;2;37
159.063582766;0.898526077098;4;1;43;3;'4/4';Gb7;A1;2;42
159.962108844;0.932947845805;4;1;43;4;'4/4';Gb7;A1;2;42
160.895056689;0.888639455782;4;1;44;1;'4/4';F-7;A1;2;41
161.783696145;0.923514739229;4;1;44;2;'4/4';F-7;A1;2;41
162.707210884;0.903560090703;4;1;44;3;'4/4';Eo7;A1;2;40
163.610770975;0.908390022676;4;1;44;4;'4/4';Eo7;A1;2;40
164.519160998;0.91358276644;4;1;45;1;'4/4';Eb-7;A1;2;39
165.432743764;0.878662131519;4;1;45;2;'4/4';Eb-7;A1;2;39
166.311405896;0.887732426304;4;1;45;3;'4/4';Eb-7;A1;2;34
167.199138322;0.933174603175;4;1;45;4;'4/4';Eb-7;A1;2;39
168.132312925;0.923741496599;4;1;46;1;'4/4';Cm7b5;A1;2;36
169.056054422;0.918004535147;4;1;46;2;'4/4';Cm7b5;A1;2;36
169.974058957;0.894081632653;4;1;46;3;'4/4';F7;A1;2;35
170.86814059;0.950816326531;4;1;46;4;'4/4';F7;A1;2;41
171.818956916;3.4568707483;4;1;47;1;'4/4';Bb-7;I1;2;34
175.275827664;8.09215419501;4;1;47;2;'4/4';Ao7;I1;2;44
183.367981859;8.09215419501;4;1;47;3;'4/4';Db69;I1;2;44
